157.60708466598274
176.9376960476788
223.2684365781711
149.60997634917223
158.79691714836224
208.88167938931298
212.28356729975226
195.67118519875436
125.3644859813084
217.69043243905426
141.69379061371842
153.1626419174626
171.07284455632472
107.00226013414989
162.67407264296753
128.3627538562325
201.21912317327767
184.5491905354919
207.02706711160548
193.37035504998278
205.75430260184274
201.52639194351198
174.36801590865355
165.3939027739632
177.95111842506248
156.54284629981024
219.89771739130435
147.31450177935943
142.86291747468218
166.67611617488026
215.88736147277902
183.3499248281787
174.95362352757624
222.01356268607344
143.6219695431472
159.6788358966392
207.4187231895029
110.18816572139991
210.33615192026076
183.65140545144803
134.98988794752665
191.81482746839768
188.8487123922794
224.7584793142005
193.89660368610177
100.48953208762602
166.2444354745704
143.64517738196542
164.80635371601988
189.10155886458818
203.5166504439135
129.6751087531787
129.13857275069412
163.5175332060995
154.88560885608857
138.6742183769207
148.75330492394787
190.95426922840832
156.80355104629044
138.83623843339788
160.67963828490144
163.38984482212604
156.49321047526672
143.21978919846393
182.1432790321044
186.0751553964965
130.37799043062202
155.3307987597815
142.2992026578073
179.64012325656827
211.93670979123786
212.03739008957186
114.98492771454937
116.78730498987734
116.53385204970387
202.04446194601562
179.14089688773987
178.8342317006484
137.43119019460272
205.01820213954974
165.7317276376581
157.31715842500256
140.90490206028622
156.57719210592055
159.7403846153846
163.77305641760165
181.3350495049505
146.5768888888889
166.6435664939551
125.89717816990544
183.49923683016377
199.9692929640461
202.27523078116516
171.98537660256412
198.02491364738736
149.86784672634013
129.3222358221134
192.61985049380695
167.08284865734439
165.08150275994143
146.47375248637897
177.40728807910233
