86.81410901343433
33.19003342682599
69.00905587668593
32.48920029501633
45.20766471587691
68.01929982046678
58.8525174032702
43.15161870503597
63.618464128706385
68.44411057692308
46.480529595015575
50.47880607559166
63.499537892791125
39.42692857142857
43.13382687927107
28.44127428671451
45.58749897733781
49.46461657231086
54.93399539784426
60.315853493715366
50.74180537408396
41.247958720798366
44.53757625306584
50.61791944863235
37.08612240019125
39.222081596188204
53.784242553645775
26.411315818162
34.54980988593156
33.431687367464406
69.75746600961824
44.439507212804045
34.14495468971055
65.54997567436078
37.04573498387931
28.32151924443993
62.43626384493671
23.313915638139157
58.12034636043712
46.81307046367287
22.132547500309112
45.44662795891023
37.98838932806324
68.89603508130824
38.14549242424243
25.002160620530216
28.427404308248995
33.753606496011976
30.22656035773798
47.64325639758166
35.199878528459045
22.351277834008098
52.133488600147096
40.42036326522898
33.263024966296356
27.096778190830236
41.68956630474564
23.538396776715377
85.23513311769096
68.30578686623801
40.975910810272744
43.11014582686938
73.96445976464994
21.452295121365058
46.99859930899244
28.907848568790396
26.566502057613167
34.05695881884635
20.79687296416938
26.905007949125597
29.581003170942633
20.473234440503063
48.01222272521503
60.78975615447439
45.137864298724956
26.975986518747366
35.19840187098031
29.569295558958654
20.927265060875982
25.18651632605121
24.247067557535264
100.50474172719936
76.69050935137287
104.01444131685228
103.63658536585366
110.09762368523569
113.08004036953653
59.35485476146047
117.71918315522167
88.73777680333261
55.73248948560337
30.892327150084316
47.2987990270599
38.35376291195278
39.076046997765445
34.7760796687044
20.406962785114047
36.526310160427805
64.75089442726336
98.24106106659298
36.888874756211315
73.31561751252451
